time,pipe_usage
30,34
30,26
30,34
30,51
30,58
30,43
30,42
30,69
30,67
30,42
30,35
30,60
30,73
30,73
30,46
30,30
30,31
30,30
30,22
30,30
30,53
30,35
30,51
30,54
30,30
30,80
30,50
30,51
30,59
30,22
40,275
40,234
40,270
40,463
40,464
40,342
40,335
40,620
40,536
40,334
40,313
40,506
40,628
40,580
40,410
40,243
40,279
40,237
40,172
40,239
40,477
40,279
40,407
40,484
40,252
40,692
40,402
40,457
40,472
40,199
50,756
50,545
50,777
50,1081
50,1335
50,941
50,964
50,1585
50,1407
50,961
50,814
50,1430
50,1630
50,1595
50,957
50,700
50,652
50,682
50,474
50,687
50,1219
50,733
50,1171
50,1260
50,711
50,1796
50,1106
50,1067
50,1358
50,464
60,1066
60,831
60,1047
60,1751
60,1684
60,1369
60,1300
60,2138
60,2078
60,1213
60,1308
60,1760
60,1958
60,2247
60,1459
60,944
60,1057
60,862
60,688
60,925
60,1643
60,1081
60,1476
60,2024
60,875
60,2157
60,1558
60,1626
60,1833
60,751
70,790
70,597
70,777
70,1133
70,1335
70,984
70,964
70,1516
70,1609
70,961
70,864
70,1367
70,1771
70,1668
70,1049
70,700
70,683
70,682
70,495
70,687
70,1166
70,837
70,1171
70,1336
70,680
70,1951
70,1156
70,1169
70,1358
70,486
80,344
80,260
80,372
80,463
80,638
80,385
80,461
80,620
80,737
80,460
80,395
80,675
80,755
80,725
80,456
80,335
80,279
80,326
80,194
80,328
80,477
80,384
80,560
80,611
80,336
80,832
80,503
80,508
80,650
80,199
90,172
90,104
90,101
90,206
90,290
90,214
90,126
90,345
90,268
90,209
90,149
90,309
90,365
90,363
90,182
90,91
90,124
90,148
90,108
90,90
90,265
90,140
90,255
90,231
90,154
90,402
90,251
90,203
90,176
90,88
